99 20
19 44 13 31 38 19 20 28 5 45 36 46 9 41 49 45 20 22 41 13 26 1 7 48 28 34 7 25 5 22 47 26 3 42 19 36 35 35 25 37 3 23 43 23 46 50 26 37 11 14 1 7 28 16 27 7 28 13 31 34 9 5 45 19 26 49 16 6 39 44 34 33 46 17 37 50 31 19 22 44 40 12 14 40 26 32 44 46 5 28 4 35 28 23 35 14 35 11 8
0 24 48 42 10 5 28 1 45 17 48 32 26 17 14 16 32 41 12 28 2 36 34 5 6 22 39 43 16 25 32 44 31 15 11 41 42 7 3 17 27 26 3 32 9 35 26 6 14 34 33 16 22 30 15 23 19 26 31 25 6 24 13 11 37 21 21 28 21 19 18 18 5 31 21 16 42 2 39 9 44 13 22 11 4 5 28 26 38 15 26 42 18 6 32 16 26 3 33 47
18 0 11 46 15 28 14 5 29 30 49 32 33 29 37 14 22 15 40 18 20 50 40 15 45 16 15 14 3 40 50 35 44 35 29 47 16 6 38 29 18 10 32 48 24 3 16 22 31 46 11 23 40 9 12 33 13 8 13 48 7 14 39 39 5 19 22 24 50 28 37 48 31 19 11 26 39 21 27 20 5 38 27 4 2 5 44 28 15 3 38 22 24 30 27 48 48 16 18 49
34 20 0 28 28 40 37 32 3 2 45 28 18 23 32 28 3 28 46 1 1 37 22 26 39 34 41 19 25 7 21 21 38 25 20 44 4 42 19 15 4 9 36 44 6 35 3 16 30 3 41 23 40 40 6 32 41 34 42 3 30 30 2 13 16 17 44 22 1 9 43 5 35 37 37 42 39 24 2 8 26 47 24 21 35 11 46 29 32 33 43 6 37 3 12 35 43 30 27 35
35 35 20 0 12 25 42 36 42 22 47 38 22 22 34 44 24 26 18 47 27 35 50 30 33 41 2 45 15 48 32 7 35 34 50 28 49 24 50 14 25 20 50 14 25 20 25 47 11 41 43 10 44 46 20 43 19 11 19 24 19 15 4 9 11 33 37 46 9 42 8 36 48 45 2 9 30 48 28 10 35 12 19 21 48 8 24 47 5 33 4 23 9 32 2 8 16 27 47 35
43 46 8 36 0 28 13 30 18 36 13 45 29 44 30 12 26 28 49 1 41 39 32 46 19 23 24 42 28 47 26 35 10 25 2 44 8 30 47 17 21 40 29 39 22 49 36 32 50 4 17 50 26 10 11 15 3 11 3 49 47 33 49 33 39 31 25 16 32 21 42 23 19 14 17 26 47 3 36 5 11 19 11 7 43 27 46 35 48 37 20 21 23 12 11 46 18 24 16 33
48 27 17 50 10 0 23 3 10 22 19 20 24 8 15 32 18 12 7 5 29 33 44 10 2 16 37 18 39 40 35 13 17 33 15 38 33 23 19 25 19 47 34 42 48 1 24 36 35 19 5 39 50 45 38 33 37 2 7 10 44 18 37 34 36 6 9 35 42 26 40 4 2 20 2 4 2 45 21 21 44 34 31 13 4 23 23 7 14 25 29 40 4 26 15 17 11 1 41 23
37 20 18 12 17 23 0 50 18 6 44 37 42 48 6 46 37 46 30 14 36 5 37 14 47 48 12 23 27 34 19 11 27 42 43 25 46 34 26 37 45 7 35 50 37 1 6 11 38 5 19 1 27 41 26 41 1 48 35 50 41 28 29 36 13 31 12 34 17 28 45 12 33 4 3 37 11 3 38 31 7 6 24 39 13 24 38 12 21 37 40 22 47 41 23 33 19 20 17 21
39 35 38 6 27 3 27 0 28 30 17 31 9 12 20 6 31 12 42 29 32 45 2 46 37 45 15 2 49 38 33 13 22 22 7 15 6 18 43 3 4 46 21 35 21 25 25 15 7 14 3 20 6 2 3 9 28 37 18 16 3 7 10 25 45 34 13 3 41 30 31 11 33 4 44 22 26 13 47 2 31 4 34 31 40 33 15 30 33 22 46 7 48 7 5 14 16 50 5 32
45 38 46 29 32 46 36 46 0 31 3 29 7 48 32 43 1 2 48 35 9 34 3 12 31 29 44 10 45 50 25 29 27 20 21 30 11 48 1 21 19 3 1 22 43 24 8 4 12 13 41 11 45 33 20 30 36 8 12 29 50 11 19 34 47 26 43 9 32 9 48 42 24 25 40 47 12 27 29 44 41 27 3 18 16 20 11 49 36 8 32 36 29 13 16 44 14 36 40 27
11 9 45 21 13 2 22 31 1 0 35 2 3 50 29 11 7 17 45 45 35 19 42 21 7 31 44 21 27 19 12 15 7 9 17 16 24 39 20 11 34 24 42 9 13 23 24 3 27 25 20 31 42 25 43 33 8 40 20 44 15 1 27 27 21 25 45 45 41 19 42 11 19 44 48 22 29 34 43 8 2 21 30 11 37 38 8 40 8 50 9 5 35 4 44 32 31 44 45 3
20 25 12 10 32 36 41 4 41 15 0 38 50 1 40 37 5 14 50 37 34 31 14 32 27 19 14 12 28 48 4 13 7 16 18 46 22 20 25 22 6 39 50 48 46 29 29 13 19 11 1 19 1 45 44 47 15 11 17 22 6 17 44 47 29 32 16 38 7 14 28 47 20 44 17 3 37 16 27 42 24 24 31 29 41 41 23 46 7 24 37 49 37 47 27 1 23 43 23 49
21 46 19 38 50 14 20 43 33 11 15 0 42 31 4 20 30 43 46 1 42 11 38 2 33 17 50 12 29 15 14 25 44 46 18 24 8 5 3 7 38 45 34 24 8 12 21 14 1 14 24 2 26 26 32 38 3 43 45 31 38 4 22 38 34 13 40 34 37 21 46 22 13 15 30 28 24 23 7 16 10 12 8 13 40 34 32 31 44 18 33 15 2 25 4 13 18 8 28 5
34 22 43 13 18 49 43 25 36 31 3 8 0 8 29 35 44 49 40 38 21 15 42 44 32 25 36 47 50 7 30 44 39 31 45 28 4 21 41 21 24 16 34 47 23 18 35 46 13 17 36 36 35 29 50 1 31 27 39 43 22 18 28 10 25 30 36 40 33 39 39 46 15 14 42 23 14 7 4 40 1 18 30 34 17 10 6 43 29 18 3 14 10 49 36 26 29 25 1 11
11 25 33 15 20 21 39 36 11 44 36 9 41 0 21 35 19 24 19 22 27 27 45 11 23 30 5 8 34 10 13 6 25 26 15 2 21 23 11 33 42 43 48 26 11 5 14 28 1 12 33 16 43 46 36 7 14 45 31 21 8 32 2 13 26 39 33 39 47 41 24 42 33 23 6 36 21 7 24 25 31 18 4 50 3 2 7 17 43 10 30 36 44 6 5 12 18 15 29 10
19 40 20 10 8 15 42 45 39 38 46 8 41 18 0 27 14 36 14 24 19 43 35 35 49 42 18 18 42 8 40 48 15 40 48 49 50 35 17 21 50 11 46 26 32 27 14 26 19 18 26 16 44 20 10 36 23 26 41 33 19 13 45 35 38 22 46 28 43 26 7 24 39 11 33 28 49 34 28 10 10 3 33 19 25 24 31 38 19 2 4 9 47 49 43 4 1 24 21 17
48 43 29 25 47 30 38 33 20 50 1 37 33 31 10 0 40 12 24 36 38 19 26 2 4 17 28 24 49 18 1 42 28 36 17 21 41 31 41 23 49 25 1 1 10 6 10 44 8 1 50 6 23 36 25 50 20 31 2 34 26 38 47 2 43 12 38 45 27 35 11 49 4 22 33 15 20 11 4 27 25 31 24 4 44 10 1 19 19 23 7 45 24 38 4 16 14 46 16 10
48 21 28 10 28 18 33 5 25 30 43 48 13 35 23 8 0 21 5 50 50 37 11 44 5 50 16 28 7 9 44 24 35 41 46 5 23 35 50 1 16 28 13 9 48 35 3 31 5 49 42 29 24 34 33 26 46 10 22 43 46 22 27 50 22 11 36 13 42 9 18 33 24 38 31 30 12 11 23 24 34 3 22 13 38 28 19 12 8 6 10 33 2 38 10 25 50 17 36 22
42 35 24 50 10 32 6 42 42 43 11 29 19 44 38 9 8 0 30 15 36 26 15 46 50 33 43 31 13 47 33 33 3 2 43 19 26 8 45 45 35 12 11 22 30 7 9 38 21 7 4 45 4 29 3 8 16 22 35 12 4 27 6 9 37 13 41 5 29 20 23 25 41 39 43 25 47 22 28 12 50 45 20 27 10 15 21 49 41 39 3 14 24 41 37 25 6 18 3 46
8 34 45 8 22 10 41 20 6 22 46 35 21 37 50 21 19 23 0 4 25 50 29 47 41 29 17 14 33 9 26 11 33 35 31 1 45 36 4 10 41 50 17 42 46 30 41 40 29 14 25 36 19 47 46 39 31 14 48 12 10 37 28 46 7 42 13 47 1 19 34 50 9 49 44 3 11 4 4 43 38 44 46 22 2 8 21 29 21 37 20 41 35 10 29 24 42 26 15 35
36 38 24 47 2 1 5 18 39 16 24 13 44 15 32 41 44 8 4 0 3 46 27 45 22 20 25 2 45 20 37 30 35 42 6 12 24 32 5 45 20 29 39 21 14 1 19 36 28 42 22 47 21 48 2 27 5 49 19 18 37 36 41 24 40 2 15 1 16 47 23 14 18 7 3 10 40 24 46 14 46 4 20 29 19 15 18 38 18 25 40 44 40 32 10 24 42 41 50 44
13 35 29 18 28 21 2 11 1 22 47 8 20 35 23 40 38 4 30 28 0 6 41 31 28 16 14 37 31 12 7 9 24 8 36 32 32 15 2 3 34 24 47 24 6 21 6 12 32 14 27 32 39 41 7 27 39 32 7 41 7 1 36 29 3 11 36 44 26 4 31 48 50 17 9 33 6 1 29 40 26 35 17 12 47 40 22 18 47 20 24 31 46 14 1 23 40 4 3 25
49 25 44 13 28 38 13 45 4 37 46 13 17 41 34 34 30 45 47 9 19 0 12 37 15 18 39 11 30 21 21 1 16 11 21 27 6 2 41 19 24 38 32 20 6 13 8 6 33 7 16 46 15 37 4 16 18 37 7 12 31 33 13 6 41 34 37 9 26 34 26 5 30 8 11 28 6 10 39 50 1 20 22 11 45 46 38 2 3 12 50 7 48 40 6 40 30 10 28 23
20 21 8 28 19 38 24 48 37 29 38 13 8 40 11 9 14 19 25 15 36 18 0 48 43 37 35 16 20 24 8 33 40 23 11 45 15 34 40 18 49 22 22 39 41 39 33 18 15 8 3 25 46 15 47 19 28 27 11 25 8 9 42 39 20 27 34 27 14 28 38 33 15 14 45 26 22 10 48 9 15 17 25 24 12 49 42 50 47 1 27 21 48 3 15 45 13 17 5 44
31 34 21 29 29 14 47 41 45 43 33 13 48 22 44 12 24 25 42 17 4 12 4 0 19 25 2 42 25 46 30 14 44 1 22 47 8 4 28 28 49 18 29 11 25 7 4 49 9 1 3 21 4 49 21 27 33 40 36 47 38 12 8 50 27 36 1 9 33 44 34 13 38 49 38 47 19 46 6 13 12 48 41 42 4 42 28 7 9 49 27 23 33 33 38 25 32 11 4 41
16 27 47 44 22 29 34 43 24 43 15 33 7 42 31 45 16 45 48 7 47 42 17 37 0 9 29 9 12 9 20 15 50 46 12 15 43 31 19 22 13 45 49 43 26 18 10 45 49 42 10 46 4 15 25 45 47 7 18 12 37 32 37 40 40 27 16 34 35 43 17 4 17 17 15 41 35 25 33 21 10 4 44 38 14 29 25 38 41 29 12 31 1 49 7 14 41 23 7 46
42 25 11 22 21 7 49 3 8 22 47 5 13 31 6 4 34 27 37 13 3 22 5 46 35 0 20 13 50 5 3 38 34 46 13 34 8 33 14 49 40 48 26 45 4 34 5 44 33 14 28 11 24 25 29 42 23 48 42 39 29 11 37 26 19 24 17 30 17 43 17 20 23 47 39 47 32 39 36 22 33 11 2 25 43 50 37 44 25 5 21 27 24 38 6 27 20 31 11 47
17 2 32 47 36 36 13 15 8 50 45 8 48 27 1 40 22 21 15 3 38 45 19 30 18 4 0 8 17 17 24 19 8 20 1 30 41 20 13 16 38 12 1 12 34 6 9 4 9 33 22 5 1 32 33 50 10 26 19 22 11 11 46 45 12 11 4 26 10 14 31 38 7 2 46 42 50 23 9 45 4 9 28 16 30 46 44 10 22 20 40 15 30 5 13 8 43 26 10 2
4 35 34 15 14 50 25 1 49 45 43 30 43 42 6 49 30 41 3 2 10 40 16 33 22 31 36 0 44 27 14 14 29 2 17 46 49 37 32 32 24 45 34 4 37 50 4 46 43 11 28 24 32 16 9 17 1 20 34 13 43 45 15 32 7 11 25 42 11 3 17 28 20 13 38 34 30 6 50 13 43 16 33 28 17 21 7 5 22 4 9 13 41 36 19 41 6 8 32 43
29 48 4 9 17 42 23 3 41 34 6 9 47 14 15 11 14 1 29 48 47 15 6 5 38 8 26 43 0 26 49 40 24 41 20 23 26 2 38 29 26 44 26 7 28 18 7 29 22 48 35 33 7 25 40 16 46 33 49 4 6 15 18 32 24 28 16 22 13 50 46 34 18 37 50 31 37 15 3 49 17 17 14 27 40 25 47 2 22 38 30 42 10 42 30 25 38 28 3 33
1 48 29 47 14 5 9 18 8 17 50 22 1 50 34 2 23 49 40 33 28 47 25 44 29 35 6 39 21 0 13 7 4 48 49 3 14 25 48 17 17 50 45 40 1 50 37 45 50 9 24 2 31 7 32 8 33 26 39 22 29 41 11 46 24 23 40 34 39 37 8 32 22 13 28 33 37 36 19 23 19 2 7 40 22 46 15 20 31 25 9 42 26 18 30 41 9 23 28 5
27 7 28 17 43 39 17 38 14 14 37 13 15 33 41 22 26 6 48 29 10 32 40 23 37 33 36 12 30 10 0 29 13 5 33 30 39 46 30 6 9 42 23 7 46 44 10 13 19 50 8 22 37 15 11 41 2 20 7 29 37 11 40 2 14 33 12 38 14 7 8 46 27 38 44 40 4 33 31 31 25 16 45 41 40 4 1 26 19 49 11 15 30 6 9 16 46 16 14 22
24 11 14 44 11 24 20 43 41 7 6 32 13 10 46 11 48 13 26 14 47 18 43 49 3 2 19 11 30 17 44 0 46 30 21 22 28 37 50 42 26 23 39 5 13 36 47 38 18 31 42 50 40 27 32 34 44 1 9 34 12 25 31 34 12 39 6 3 7 38 36 35 17 43 16 46 7 22 12 26 44 38 16 27 19 7 25 21 23 43 5 8 9 39 1 25 26 21 16 15
20 38 13 25 4 50 5 37 15 32 36 1 40 9 49 7 38 31 35 3 34 8 38 33 4 3 27 45 13 6 33 26 0 34 5 44 40 25 48 1 36 40 44 12 10 36 34 17 21 37 38 41 8 40 37 36 29 44 10 7 17 41 33 7 25 50 1 22 45 37 19 37 13 34 50 18 32 38 13 1 25 19 3 10 50 3 42 44 41 32 50 44 44 2 10 39 48 1 12 43
29 32 50 47 1 32 46 50 47 44 19 1 32 4 40 13 42 15 17 1 24 42 20 20 23 5 5 24 22 40 2 42 5 0 32 4 15 34 13 6 9 44 26 15 41 43 4 12 47 47 34 3 33 18 27 28 41 43 17 19 47 50 37 4 30 15 37 31 10 23 44 32 42 19 27 5 4 22 11 25 18 40 28 18 30 14 10 26 43 11 10 1 6 16 25 17 19 8 42 23
20 20 36 21 40 25 43 8 30 20 31 10 34 14 44 36 2 35 24 26 23 2 41 9 13 43 27 22 6 14 15 18 25 32 0 13 44 46 50 6 12 11 30 41 14 24 29 24 32 1 21 34 6 36 1 48 41 48 10 6 7 4 49 36 41 46 3 16 21 6 47 2 39 20 16 11 33 3 11 15 14 36 45 17 2 15 17 37 17 22 33 37 34 21 6 7 49 1 14 36
48 35 17 1 12 47 8 10 32 2 15 30 38 49 9 17 17 40 22 9 46 37 38 50 28 36 33 22 2 48 44 22 49 50 49 0 2 10 26 8 7 7 18 12 32 2 44 19 49 50 10 33 6 31 31 11 2 19 34 4 39 8 4 37 17 8 29 49 15 39 11 40 6 28 19 49 23 26 10 29 47 7 42 10 47 6 7 40 10 38 30 4 38 16 27 7 41 19 3 21
42 41 47 42 10 12 6 30 48 6 47 15 45 16 28 2 39 19 35 32 25 22 2 34 28 13 17 24 19 3 41 14 45 11 30 10 0 24 6 6 28 25 6 10 31 11 47 21 47 35 47 5 16 6 43 3 23 11 3 17 2 26 9 45 9 18 3 38 25 41 24 5 13 49 21 35 33 15 40 31 24 10 49 40 32 39 50 10 36 31 30 9 9 35 23 44 34 47 5 20
38 22 1 5 12 39 48 34 37 40 15 45 31 16 18 26 47 13 23 29 29 15 12 35 37 47 7 5 33 15 42 20 1 2 10 33 35 0 31 50 24 49 30 47 9 35 40 41 43 50 27 13 33 14 37 36 20 38 18 11 40 39 12 7 17 25 32 43 35 23 28 28 37 27 47 10 39 48 28 39 48 3 22 4 30 44 2 39 36 26 45 7 18 9 20 2 27 16 6 31
3 35 1 23 1 11 43 11 29 7 34 8 37 45 19 47 41 5 23 45 47 40 36 35 44 28 17 23 6 13 37 18 27 34 32 39 42 42 0 43 11 6 9 28 17 46 50 6 9 19 9 42 22 1 19 17 38 32 44 47 16 30 26 48 10 15 21 25 3 38 40 25 22 29 31 7 38 23 6 26 28 31 21 27 11 11 9 10 2 37 44 17 42 41 12 12 45 17 25 3
5 22 32 10 5 20 40 7 11 49 34 48 1 18 15 25 32 20 49 47 40 46 32 15 46 24 37 18 33 9 35 9 23 33 40 35 29 2 29 0 42 8 28 42 15 14 26 30 36 33 17 9 1 13 21 37 25 22 43 21 34 10 45 22 11 28 26 47 31 34 24 19 20 18 32 3 40 17 18 1 34 43 32 17 14 13 47 25 5 22 17 28 43 23 18 31 10 12 33 45
22 26 22 14 1 38 48 21 22 39 10 27 29 13 36 14 33 41 43 43 33 33 36 44 26 31 38 10 48 14 34 11 41 42 43 12 33 32 42 30 0 30 31 19 28 11 1 6 18 47 18 16 10 19 32 40 17 17 11 5 26 2 15 5 48 10 23 36 30 8 43 38 28 2 26 6 40 36 49 8 50 36 14 34 5 4 17 28 29 11 9 20 49 10 14 5 22 35 47 12
4 29 39 29 43 45 14 23 42 3 12 50 22 9 3 45 41 50 4 22 22 34 3 34 34 17 42 37 7 33 14 27 32 28 42 31 28 14 17 49 23 0 14 24 36 6 14 30 3 33 31 9 24 8 25 9 29 29 36 6 22 17 45 11 18 3 35 1 24 41 17 16 45 26 22 50 8 44 31 23 11 6 20 9 18 43 30 12 34 5 17 10 26 14 49 9 30 17 23 48
11 13 39 2 30 44 24 7 19 46 47 49 49 1 6 13 29 22 46 9 44 34 50 14 41 42 18 42 41 43 44 38 18 40 35 18 38 37 43 2 9 20 0 7 5 27 23 29 23 9 47 44 11 2 41 30 20 13 31 1 35 18 4 23 48 41 20 10 16 42 45 37 30 17 8 39 39 34 26 38 7 34 15 32 39 38 40 27 30 27 42 21 43 28 27 17 28 6 10 45
20 15 31 2 10 25 49 18 28 41 38 11 12 1 24 41 29 31 38 39 20 41 20 43 46 39 1 36 26 26 22 33 11 1 12 33 14 9 29 3 42 17 46 0 6 39 50 3 20 45 22 6 22 44 29 1 46 19 12 35 44 16 34 5 9 24 13 29 25 48 6 33 1 16 47 48 16 2 7 6 40 33 49 43 38 17 20 10 32 40 34 22 4 5 7 6 5 17 18 4
29 12 44 23 21 3 3 18 11 5 9 38 50 32 25 36 49 43 38 16 32 23 3 7 2 35 27 17 48 4 34 18 32 24 3 16 40 3 26 9 38 4 24 40 0 14 3 9 22 3 6 1 1 37 4 48 11 44 50 4 43 9 42 48 49 20 18 9 34 12 48 7 35 44 30 32 48 35 39 10 50 37 15 28 8 4 33 42 17 2 42 10 35 35 6 27 35 2 46 33
26 10 37 30 9 19 4 32 28 50 38 18 33 21 2 25 7 4 46 14 44 18 41 30 5 1 8 33 7 4 29 13 37 19 49 17 28 9 12 6 26 48 40 37 18 0 43 29 50 12 17 12 8 39 24 25 7 27 37 47 21 43 6 41 31 49 50 34 35 29 1 14 42 38 16 50 44 25 30 6 16 43 24 24 7 27 3 43 10 33 34 20 20 25 15 38 26 3 46 21
42 17 21 28 20 50 33 23 44 15 23 13 1 34 20 22 50 48 25 1 40 19 49 39 17 4 41 44 36 2 35 45 14 1 11 35 33 10 46 50 10 32 40 12 5 23 0 42 48 37 17 32 9 30 4 19 36 42 37 32 14 45 4 16 8 49 4 15 8 17 48 15 49 41 21 20 50 24 48 23 2 23 38 22 44 9 1 13 12 3 19 40 49 16 21 9 40 7 45 39
29 18 40 31 14 47 4 33 37 6 37 47 36 25 4 3 18 16 10 31 10 6 47 19 13 3 33 46 16 30 25 47 13 13 31 23 6 21 2 17 45 26 26 35 10 39 29 0 4 23 48 38 14 10 14 21 29 21 26 12 41 1 28 43 40 18 6 23 41 50 50 18 3 8 7 29 43 43 38 4 31 17 19 4 33 31 45 34 14 1 8 25 26 19 21 24 42 32 16 45
40 50 14 39 47 35 41 28 15 29 27 44 42 50 43 44 39 50 31 44 15 21 23 21 38 33 47 14 37 28 47 45 34 36 10 33 1 23 20 37 29 27 32 6 31 22 11 13 0 9 43 31 34 42 30 29 24 9 13 44 40 27 44 23 32 45 31 37 36 15 30 16 44 25 30 22 37 48 37 21 17 37 32 20 3 15 37 32 1 18 22 28 2 10 1 6 12 40 4 41
43 39 1 3 41 36 28 6 4 9 34 48 35 24 12 7 10 46 30 11 19 28 5 45 3 33 27 16 39 34 8 17 13 41 10 10 9 6 50 36 8 31 18 30 49 12 28 35 27 0 19 45 46 8 49 30 46 31 12 26 50 22 9 19 34 36 9 37 38 50 40 43 27 18 4 22 47 50 23 22 28 3 5 21 39 39 50 32 12 35 17 1 34 21 42 43 16 44 8 31
9 25 15 35 18 45 44 45 46 26 47 11 50 5 2 12 15 8 6 33 31 21 36 25 43 3 28 19 26 28 8 4 9 5 13 28 11 38 17 10 18 35 14 9 4 36 40 26 20 3 0 26 31 42 29 43 18 39 24 40 12 31 37 23 47 34 46 17 41 23 20 23 21 48 11 31 28 34 8 49 24 14 22 19 25 25 10 12 8 46 22 25 36 11 4 45 45 26 45 18
13 13 37 23 37 13 50 2 38 28 37 27 3 32 50 22 38 39 32 16 20 15 47 30 5 45 33 39 48 38 27 3 6 22 2 43 20 42 32 10 3 6 18 47 23 18 23 18 42 43 1 0 37 32 48 48 17 7 38 23 33 4 24 48 41 6 37 23 15 24 40 23 32 17 41 16 7 38 20 22 29 22 40 40 47 9 13 23 15 10 43 8 3 49 2 38 5 24 10 33
43 14 6 22 22 26 36 2 45 5 41 15 50 43 8 6 9 25 44 25 49 6 4 29 19 38 3 5 44 7 13 38 11 44 31 17 13 38 36 15 31 6 23 46 36 15 50 1 10 32 18 40 0 20 6 50 12 41 8 37 33 34 31 43 11 6 47 39 47 47 37 19 25 7 39 30 38 49 1 41 19 28 35 31 24 3 49 20 40 8 21 6 43 36 25 17 41 8 27 38
38 30 22 48 10 50 33 7 11 10 21 45 47 26 21 27 43 41 7 22 36 34 39 15 38 29 20 6 43 6 38 36 20 2 43 10 5 48 29 40 24 43 11 13 39 2 24 15 36 20 42 35 27 0 8 30 36 24 50 8 21 11 13 50 18 26 39 35 25 37 29 27 1 21 39 23 20 15 12 6 39 1 37 30 44 23 34 1 43 2 14 2 38 1 8 49 17 40 16 25
22 49 23 13 43 40 16 15 15 12 21 28 37 45 35 13 19 30 36 29 17 45 35 8 7 26 39 22 10 43 9 5 4 15 18 30 11 43 36 9 30 8 21 30 2 19 50 29 9 24 4 46 26 1 0 24 26 25 5 49 46 15 44 5 19 27 32 36 4 30 11 20 24 33 28 1 45 44 1 20 31 15 13 41 34 12 11 4 18 26 30 42 44 44 33 43 18 4 1 28
10 37 42 20 15 3 40 20 37 33 25 38 19 43 16 20 24 12 21 36 36 44 5 17 41 29 24 20 21 38 1 36 14 3 27 4 16 42 46 17 10 2 9 44 14 4 6 29 9 36 7 11 16 35 35 0 47 13 39 33 39 9 25 38 44 42 49 39 35 17 14 15 17 7 39 21 49 47 47 46 30 3 18 34 19 13 32 25 40 44 6 38 48 22 36 39 22 13 44 14
46 48 15 9 32 8 36 41 42 34 25 33 7 12 37 44 19 28 44 24 21 21 40 17 38 26 14 32 18 34 44 38 47 1 18 6 3 28 13 35 39 38 8 24 30 12 19 6 44 47 8 38 3 14 2 18 0 32 44 15 44 13 27 31 49 10 16 24 49 2 28 15 45 5 34 16 29 46 26 22 16 49 46 20 24 4 31 40 27 21 5 44 26 47 16 33 2 12 38 50
9 3 5 28 1 27 34 14 31 1 25 40 2 5 9 17 26 12 40 36 48 2 9 48 11 6 36 34 6 47 46 42 23 26 48 24 20 14 14 8 38 39 13 40 16 30 24 6 23 26 42 1 38 13 6 2 4 0 12 7 31 6 25 14 33 38 49 42 10 39 29 33 30 44 14 34 20 6 9 47 25 25 31 20 43 46 15 40 1 31 47 35 17 7 42 28 14 38 37 17
20 16 11 28 42 18 45 29 10 10 15 9 9 29 9 40 32 24 17 9 45 39 18 21 23 37 25 44 3 14 2 47 8 2 39 33 48 22 32 8 29 23 13 40 35 24 21 17 39 27 14 1 24 16 7 4 37 38 0 26 36 25 28 16 12 31 30 13 36 38 6 18 7 39 41 12 13 35 15 43 1 2 39 47 27 11 21 8 6 17 16 22 18 43 29 7 30 35 36 42
4 48 7 46 33 10 3 47 15 16 25 4 14 1 42 42 37 39 17 13 7 39 18 4 31 7 38 15 41 30 27 47 38 42 44 27 35 29 21 22 30 9 39 32 9 36 7 22 34 45 29 28 34 44 40 7 45 34 8 0 29 25 23 3 19 12 50 22 4 9 18 25 26 21 36 16 28 37 14 30 29 33 4 7 18 27 21 47 41 7 25 37 37 35 24 12 43 41 14 26
13 25 3 6 48 25 34 29 47 30 1 38 35 46 2 40 18 8 31 11 33 28 9 12 39 25 31 12 29 14 6 9 11 6 33 8 39 18 14 7 5 42 23 37 22 24 35 45 2 39 10 1 15 26 18 20 45 25 35 23 0 50 19 46 44 30 15 4 24 6 24 25 23 24 10 35 39 24 22 30 17 9 32 34 7 29 16 36 8 29 24 30 21 49 46 42 7 2 42 36
49 1 44 41 38 49 18 45 28 4 32 38 31 2 33 1 3 23 33 45 43 12 46 24 36 49 8 36 19 29 5 43 19 5 35 14 18 10 30 47 46 4 22 2 50 23 38 25 1 11 23 38 50 10 29 36 42 25 2 13 42 0 2 5 34 22 3 15 44 28 48 37 10 33 7 1 3 26 15 49 49 43 20 12 13 11 4 1 50 33 41 40 23 7 23 40 18 50 42 6
36 4 43 14 32 21 28 40 31 19 7 30 10 35 24 45 10 36 21 22 12 15 36 9 20 6 27 14 18 43 45 11 38 9 9 35 45 45 37 17 19 7 31 21 44 17 44 34 4 37 4 42 10 22 39 16 41 18 1 22 36 11 0 1 23 28 27 44 16 40 5 35 28 22 48 13 50 33 23 27 6 12 50 36 2 35 42 23 5 39 7 18 17 15 34 10 22 11 9 21
46 33 34 26 2 42 3 19 2 25 35 22 40 3 42 29 50 33 36 35 6 26 42 7 15 16 20 19 1 32 41 5 11 12 38 34 6 14 15 37 27 20 13 10 2 4 2 2 26 22 38 27 4 21 29 24 18 19 21 27 39 4 1 0 24 1 23 21 27 25 25 15 36 31 27 33 35 47 25 45 15 39 35 29 10 6 39 43 40 32 26 44 20 44 10 18 40 49 33 42
33 15 1 16 36 25 18 45 48 23 26 45 26 9 22 28 43 8 43 5 9 6 9 20 11 35 24 14 35 30 25 13 45 10 21 39 33 16 23 41 42 27 10 3 14 28 43 49 21 15 10 10 3 17 12 17 2 16 43 7 41 16 38 13 0 47 47 8 44 3 30 5 42 4 14 46 31 33 9 11 35 33 26 22 47 43 11 14 8 6 27 43 11 3 1 36 7 6 21 38
10 49 45 46 36 15 32 19 4 18 3 24 11 5 5 37 27 25 8 28 1 43 32 1 12 21 28 46 27 49 28 30 44 41 7 1 4 1 25 22 18 30 44 8 3 2 20 6 5 12 5 16 45 3 35 40 21 9 43 7 3 1 8 11 43 0 31 39 2 35 45 32 13 38 6 18 38 37 26 28 33 49 49 41 7 20 15 48 28 4 29 3 29 9 1 19 41 11 17 10
7 19 50 12 21 38 39 2 14 49 41 12 8 12 19 20 14 1 47 18 18 43 45 47 2 21 45 7 35 4 5 26 22 7 3 37 15 28 15 39 38 17 1 24 27 44 9 34 42 48 14 24 31 49 28 34 25 17 44 24 46 13 22 31 43 26 0 49 36 15 33 37 31 30 21 32 37 17 22 13 47 23 19 48 6 32 5 30 32 31 1 1 11 16 34 25 38 49 8 12
6 24 10 49 12 45 13 35 35 25 49 2 30 31 16 50 46 49 50 39 39 43 31 35 15 20 23 38 25 17 3 35 7 11 2 7 29 27 19 50 26 12 32 28 16 14 11 43 16 29 38 29 7 50 45 43 47 21 38 26 50 13 15 43 25 44 44 0 29 36 28 47 14 40 24 35 1 41 15 32 1 14 7 16 30 10 39 12 19 25 46 15 21 29 27 10 5 5 30 8
10 11 1 32 4 47 48 47 31 15 17 45 45 50 41 11 35 17 1 27 16 19 9 35 26 48 41 24 6 12 24 28 28 3 6 35 16 7 21 35 28 23 13 50 38 33 14 6 40 32 4 22 1 31 17 18 7 23 1 49 4 48 20 47 20 7 3 32 0 21 3 49 12 33 9 7 17 31 45 7 35 13 36 40 28 29 18 5 16 25 1 14 24 22 18 19 18 43 49 49
48 29 46 39 37 14 45 36 28 37 31 44 34 2 9 6 5 29 39 45 36 11 14 44 38 9 36 40 38 48 25 28 37 48 5 2 21 15 21 27 18 2 44 42 28 13 33 14 15 31 33 10 36 27 2 46 15 42 41 45 31 16 23 50 17 35 28 6 35 0 44 37 36 23 31 18 2 44 34 13 5 25 48 34 49 33 7 25 40 32 44 42 13 14 19 18 14 29 17 31
44 12 19 39 42 24 18 20 34 23 32 36 7 43 40 34 44 27 2 12 22 47 42 23 21 29 8 49 8 19 10 23 17 1 21 37 2 3 15 39 43 28 35 26 30 32 5 31 36 25 4 8 20 31 45 41 37 31 17 12 12 40 24 41 27 7 40 7 45 35 0 8 15 36 23 1 25 38 20 31 17 28 27 3 25 40 30 13 24 4 6 18 32 33 16 31 41 35 7 16
9 37 42 7 2 48 32 5 24 9 23 32 18 12 38 49 8 48 31 43 12 49 43 31 9 9 49 11 1 20 34 47 13 30 1 49 5 36 40 34 27 33 29 47 5 15 21 36 43 38 40 38 46 35 47 23 47 36 11 38 48 20 27 39 21 25 1 30 9 30 2 0 22 40 24 28 24 20 36 27 36 46 9 43 8 7 22 31 44 39 13 42 33 23 12 30 4 14 30 34
47 48 28 9 26 26 3 18 12 20 36 27 8 14 8 50 2 43 30 24 20 7 12 2 30 26 19 28 11 36 31 32 1 4 29 9 22 18 17 1 42 26 11 8 20 9 26 35 10 15 7 49 31 35 17 38 6 26 29 49 2 43 5 3 28 30 8 19 34 42 38 50 0 16 6 4 35 29 32 34 14 48 6 26 3 43 44 26 28 9 16 9 44 27 10 40 5 37 29 38
21 8 6 14 27 27 13 14 5 16 9 12 13 30 10 43 35 29 1 48 7 1 30 14 37 17 46 12 12 18 45 13 33 1 5 14 13 3 31 1 1 18 44 4 26 12 2 4 4 30 36 45 41 28 6 13 3 33 11 49 28 20 13 40 4 15 35 15 40 18 6 2 6 0 29 48 22 47 5 50 30 37 22 33 11 42 18 9 27 17 23 35 21 48 39 8 50 4 6 16
7 44 30 34 40 21 49 30 1 26 41 40 22 29 20 17 11 29 23 46 26 22 32 2 11 39 25 26 41 29 32 37 41 8 45 45 27 26 26 6 28 23 3 36 15 36 23 47 11 46 46 3 42 33 10 41 4 9 17 4 8 34 21 1 18 26 38 47 26 48 26 40 6 35 0 26 34 40 3 27 43 49 12 42 15 46 5 23 17 14 25 17 10 34 26 44 48 43 21 21
40 12 49 1 29 37 38 49 34 43 48 41 27 16 20 27 50 23 19 20 34 27 38 11 40 6 38 31 30 30 26 17 26 17 30 41 39 11 37 27 33 1 24 40 9 10 34 43 1 28 12 35 32 43 18 40 16 26 33 26 48 27 5 13 23 46 21 12 29 10 40 34 30 11 35 0 34 32 17 34 37 19 44 11 11 16 12 24 41 16 36 43 13 14 46 12 24 40 32 17
37 25 35 34 37 19 19 32 1 45 10 48 49 6 49 43 1 11 37 40 4 36 5 26 24 1 44 29 5 37 33 46 24 21 36 39 1 5 1 20 1 8 11 35 16 17 44 35 1 1 10 4 45 39 33 27 37 41 21 32 12 29 44 22 47 50 25 10 31 17 28 32 34 15 40 18 0 23 48 21 19 1 2 29 42 48 32 42 30 8 50 29 1 46 10 50 24 23 29 31
26 34 22 50 27 13 41 25 2 28 49 31 16 8 4 37 4 26 37 2 37 22 45 31 48 16 15 27 41 18 8 44 9 10 1 13 40 6 30 39 42 46 27 43 46 16 14 28 6 36 44 6 35 33 45 25 1 37 13 44 16 38 3 48 3 24 37 13 20 33 26 40 12 27 3 39 16 0 27 19 13 4 32 37 49 18 1 24 23 36 26 48 12 4 25 35 50 20 17 41
22 24 16 24 20 18 21 21 38 24 9 27 26 10 12 30 22 27 27 24 48 38 3 11 48 50 19 6 38 36 28 39 12 21 10 49 34 40 26 28 19 33 36 48 35 8 45 7 37 34 9 32 16 46 33 28 8 13 36 21 44 30 8 41 27 34 45 47 28 47 22 23 21 31 40 3 7 20 0 15 19 7 35 6 38 19 26 13 2 3 21 44 48 35 1 10 11 23 22 36
30 22 39 42 48 36 11 2 13 35 32 23 6 1 37 34 17 18 35 28 25 38 10 32 35 43 41 2 41 10 17 20 7 35 31 22 48 25 15 18 18 44 14 10 7 19 24 7 25 29 9 17 28 15 13 12 7 2 20 27 21 44 26 12 36 43 5 1 15 7 10 18 38 25 50 4 5 22 10 0 7 44 6 45 27 46 31 8 6 12 48 44 12 44 35 11 27 48 16 34
28 8 32 41 8 49 9 5 22 46 7 34 23 15 35 5 38 11 29 34 34 21 38 26 41 22 3 33 23 48 9 10 46 46 43 47 26 2 41 11 45 11 13 3 41 6 25 12 1 4 39 17 18 49 32 10 32 42 38 2 9 9 36 19 16 44 29 15 43 26 13 43 4 13 36 39 50 14 36 16 0 1 23 28 4 3 2 42 23 46 23 20 15 39 46 17 15 18 5 10
35 25 45 49 5 42 16 26 20 48 16 32 19 10 20 49 11 45 28 43 37 37 15 50 32 3 26 37 32 1 20 13 7 18 1 38 6 34 18 21 3 9 42 18 45 38 48 30 23 46 1 47 39 28 49 24 16 9 46 34 40 48 12 29 4 32 38 24 2 33 40 6 12 50 8 22 30 22 28 24 27 0 28 24 9 21 50 34 20 31 12 29 4 9 4 40 19 2 17 27
46 33 13 13 17 31 19 48 42 24 34 35 50 28 36 36 17 41 32 46 41 8 42 16 30 3 4 2 39 7 5 17 30 5 11 1 32 43 24 39 3 25 17 41 43 49 50 9 29 29 6 27 18 50 17 3 32 38 30 50 15 38 31 36 36 35 44 4 26 36 33 8 13 11 28 26 37 29 9 41 49 27 0 5 14 46 20 15 41 34 8 7 49 1 35 31 36 13 2 38
49 38 11 26 21 42 42 27 23 15 43 44 40 43 35 13 23 17 27 22 19 8 43 26 41 32 43 21 10 35 17 34 5 19 26 45 22 47 49 19 45 4 14 45 13 44 17 24 39 14 7 43 14 39 19 14 17 42 24 33 15 20 47 42 48 31 38 24 49 18 6 30 1 2 11 8 27 44 27 22 33 42 36 0 48 22 7 17 28 36 47 42 5 35 26 40 26 11 23 41
48 47 15 30 44 35 39 37 28 40 40 5 22 49 1 9 8 15 44 13 48 4 40 6 20 22 18 44 2 43 36 20 45 5 38 35 40 1 46 47 31 4 38 19 18 14 16 24 42 25 7 32 37 48 44 14 42 27 14 33 8 34 4 8 17 3 34 30 13 34 13 7 41 28 50 44 34 20 26 1 43 36 30 34 0 8 4 32 48 17 50 22 42 19 7 42 34 31 16 24
41 45 21 18 26 36 21 17 30 29 32 29 1 8 31 43 50 4 48 3 45 1 33 33 36 17 50 37 9 38 40 33 45 3 42 15 2 44 43 29 14 6 7 20 28 49 36 17 20 32 39 31 12 10 19 5 1 31 31 24 18 10 25 41 31 28 21 26 26 31 36 46 14 21 3 14 37 29 8 12 6 18 8 8 37 0 13 17 24 22 40 4 15 20 22 20 23 9 33 5
32 32 12 18 34 23 10 32 37 16 2 37 30 34 17 2 15 36 30 27 40 15 1 25 3 2 22 33 20 3 5 1 47 41 25 38 20 25 45 27 50 30 32 27 50 43 29 37 47 38 19 49 34 22 29 44 40 41 12 3 40 7 27 21 15 32 22 23 6 17 29 33 22 43 37 7 22 16 24 47 5 9 32 32 45 42 0 12 46 11 15 27 40 9 45 35 14 43 44 9
13 14 20 3 6 4 38 37 9 48 19 50 44 42 39 3 6 8 25 27 42 11 15 3 10 35 3 48 43 32 33 22 42 21 2 3 21 6 26 39 24 14 32 15 16 34 21 9 28 39 8 31 38 8 35 5 10 18 1 47 38 18 1 40 29 27 41 25 49 49 8 31 43 23 20 10 5 40 27 2 34 16 23 17 2 38 32 0 48 27 43 37 11 11 50 5 43 23 38 17
33 16 44 11 1 48 3 8 23 8 7 32 32 46 21 22 32 48 25 24 19 39 47 33 1 43 25 24 49 46 2 4 48 18 3 38 15 13 50 44 33 3 3 46 25 39 25 39 21 12 5 20 45 48 46 38 29 31 26 40 46 26 24 42 1 30 31 38 34 48 19 9 33 21 40 32 3 9 49 36 24 20 22 14 18 49 2 35 0 44 47 43 15 8 23 35 1 30 15 7
39 34 36 6 30 7 17 31 32 28 3 42 50 12 25 4 33 1 6 25 26 47 28 12 12 4 48 33 43 1 17 25 5 1 47 49 31 20 7 42 35 12 6 38 45 6 49 41 47 8 33 7 46 17 11 45 28 50 36 36 8 3 33 38 9 3 9 33 29 6 35 25 50 18 22 13 24 50 33 35 11 17 39 43 13 27 6 11 46 0 26 49 48 7 34 35 25 11 14 32
38 24 46 30 32 24 18 29 27 27 22 48 36 48 28 5 33 2 16 15 12 46 18 29 1 23 5 38 28 27 28 28 50 47 12 21 33 4 50 31 44 40 21 26 10 43 24 43 16 27 44 27 16 9 16 49 44 8 21 23 34 44 27 29 34 44 28 1 50 9 29 13 35 8 35 26 13 41 11 41 44 27 22 33 34 19 17 1 11 45 0 10 44 32 8 32 14 42 48 23
50 47 42 1 16 35 43 41 37 14 1 32 10 35 42 1 39 45 39 16 33 50 20 7 42 3 42 11 23 44 11 19 8 38 2 10 50 16 34 16 23 31 42 20 1 3 44 49 24 26 23 23 24 16 27 37 3 31 11 12 46 11 23 6 4 10 46 50 31 2 23 20 36 4 28 42 22 46 21 48 28 36 18 43 15 33 9 11 17 14 16 0 28 16 33 32 45 27 41 3
37 9 35 7 36 27 14 6 45 35 35 11 47 42 25 7 13 18 11 46 14 21 28 13 3 18 16 6 17 27 1 26 17 17 47 18 42 39 42 2 27 48 11 16 22 31 26 27 11 29 45 15 9 8 10 32 36 26 37 33 2 32 1 1 32 18 47 36 28 26 28 31 1 38 6 48 20 3 24 33 16 35 7 22 43 18 22 20 40 4 16 35 0 40 6 10 7 27 4 25
9 9 26 7 45 21 15 4 5 2 12 25 38 45 9 23 31 44 36 50 10 25 8 33 10 29 23 34 20 36 14 3 39 12 46 14 49 11 24 23 39 2 13 36 7 50 11 10 18 45 21 31 44 1 27 36 33 24 39 48 13 23 2 6 40 37 41 8 11 16 36 47 47 9 43 43 9 17 11 16 43 43 9 10 24 49 38 50 32 32 15 5 10 0 26 2 2 30 21 37
2 44 32 16 29 1 13 8 19 33 48 30 41 26 17 41 34 27 9 3 23 42 47 46 46 36 1 23 33 49 33 21 30 24 30 3 40 4 36 3 11 30 39 14 9 45 6 39 14 34 47 14 39 23 19 40 27 20 13 23 14 45 14 28 12 20 1 42 34 46 43 18 1 27 33 45 27 45 32 47 32 30 31 42 47 40 45 9 47 35 44 9 15 7 0 15 14 11 37 33
41 12 20 39 46 33 8 28 12 22 10 40 45 14 17 37 47 17 31 13 9 11 50 26 41 18 46 21 46 34 46 38 40 25 36 40 24 31 42 8 15 39 1 23 27 5 4 13 13 23 35 23 18 27 28 45 23 2 30 10 4 16 44 33 28 32 15 25 18 21 35 23 10 14 14 25 27 44 3 27 2 26 45 3 46 40 12 41 38 49 26 25 38 18 40 0 28 42 29 18
31 46 43 48 8 9 33 39 21 22 50 5 12 10 2 19 28 28 3 23 11 45 49 36 1 42 46 19 31 14 32 45 23 47 33 47 27 18 2 43 29 9 18 2 18 13 27 32 32 22 41 50 43 24 3 37 39 22 27 50 42 46 7 42 16 32 21 49 20 13 36 18 2 13 14 5 39 11 50 35 38 23 44 38 48 43 23 33 50 42 24 4 31 26 39 15 0 5 40 19
13 41 27 46 41 42 42 21 6 48 38 3 36 33 10 44 28 25 7 11 31 12 25 43 14 38 29 20 42 24 15 28 34 8 10 21 37 3 40 6 21 28 4 26 49 38 15 42 42 5 50 48 7 18 48 38 13 20 14 34 13 22 47 2 20 32 46 39 34 14 3 29 37 29 9 27 28 31 41 15 23 22 31 28 43 37 19 2 7 17 47 18 10 26 29 17 9 0 50 10
26 50 45 14 11 1 2 25 37 1 7 19 2 13 39 4 17 29 16 46 3 7 7 22 6 7 3 30 38 2 10 28 12 19 27 42 13 36 45 13 22 41 10 45 44 43 44 21 25 17 18 31 23 25 44 8 20 12 26 36 28 26 47 8 47 11 28 46 17 29 15 15 28 43 12 35 43 5 16 5 31 21 3 8 24 15 20 8 25 44 21 3 17 29 47 43 8 44 0 43
50 2 24 28 13 30 41 31 28 18 42 24 33 3 25 10 49 20 22 28 18 31 34 41 29 10 1 35 36 35 26 17 46 5 41 49 22 28 26 15 45 4 20 4 17 31 35 5 31 35 34 26 6 30 24 7 34 10 15 33 38 14 38 2 20 50 19 35 49 30 39 37 36 15 11 43 41 8 47 12 12 7 49 22 14 3 25 20 24 12 8 14 4 4 13 25 32 12 3 0