49 9
26 19 27 50 6 44 46 13 10 9 29 36 2 47 32 28 47 5 50 7 11 8 27 29 8 43 47 39 30 16 29 9 49 43 30 46 38 23 47 44 10 1 9 42 40 47 16 43 41
0 10 4 43 12 5 23 8 28 41 15 16 12 31 29 42 18 49 43 26 28 50 14 13 38 16 49 36 29 41 28 9 12 21 35 45 10 27 34 46 21 31 43 28 36 16 19 22 36 49
2 0 27 48 28 44 44 34 47 48 50 2 19 33 29 36 50 44 43 12 17 29 37 35 8 19 10 17 44 40 42 22 31 48 48 19 29 13 48 37 50 34 27 31 6 16 17 30 45 29
14 16 0 33 46 9 41 19 1 9 7 49 1 12 11 2 2 48 28 31 23 31 38 8 15 47 39 2 29 20 8 18 43 18 32 49 10 30 28 26 29 8 42 19 32 1 34 38 30 6
30 49 9 0 31 29 49 10 6 24 31 29 24 28 7 3 10 37 40 1 28 29 41 46 14 4 3 5 9 3 12 7 25 37 9 35 44 9 46 17 13 36 16 7 20 32 14 42 29 37
28 37 33 37 0 41 35 26 25 23 40 26 27 43 14 7 28 3 37 36 11 18 38 42 32 26 13 28 40 12 30 24 7 17 25 49 49 5 12 22 47 35 36 44 19 49 48 13 5 24
32 17 18 5 33 0 3 38 27 13 36 35 9 49 40 44 41 35 22 1 49 38 23 25 12 32 25 2 27 9 45 26 21 18 37 37 9 5 11 15 21 41 24 27 18 11 34 48 2 47
20 38 12 45 23 47 0 17 35 17 1 7 22 30 13 40 17 22 1 43 5 31 8 41 39 12 3 10 9 27 5 16 13 33 11 41 6 11 35 42 41 20 31 21 34 38 50 9 26 27
47 8 4 29 40 15 34 0 14 40 27 41 20 26 42 4 37 27 48 46 41 13 49 22 18 16 9 21 46 13 11 41 42 3 22 12 23 38 17 15 28 9 23 17 30 7 48 8 3 15
41 34 46 19 23 48 35 23 0 7 4 11 33 34 24 20 26 28 40 20 42 50 36 4 5 31 42 36 50 30 23 33 38 39 12 15 12 24 30 21 3 45 10 34 34 28 34 37 27 10
15 32 25 43 22 22 8 46 47 0 45 27 19 46 22 38 17 17 1 50 3 46 22 10 24 17 3 8 26 17 42 2 25 45 35 21 34 10 33 15 29 31 37 40 17 7 36 24 17 36
47 43 18 38 17 35 1 50 22 32 0 29 17 35 10 6 37 12 18 29 21 15 17 44 41 5 15 46 8 4 23 6 43 38 27 11 45 33 42 37 16 48 43 1 12 27 43 21 8 27
22 41 45 45 37 49 35 31 50 29 42 0 48 49 38 33 23 26 35 9 40 44 36 33 34 19 26 8 35 2 15 40 3 17 42 38 39 10 31 22 30 16 9 21 10 22 36 33 15 25
49 8 25 23 26 6 36 33 35 41 13 11 0 42 6 2 16 21 30 48 34 39 39 38 27 6 1 24 7 35 11 17 46 11 15 34 41 14 38 8 37 38 25 13 48 40 25 37 39 34
14 10 8 11 44 50 33 50 47 37 4 33 12 0 14 49 23 38 49 41 30 40 21 29 16 43 23 46 9 23 24 46 7 28 2 43 13 15 1 39 40 37 20 8 3 29 43 26 46 43
36 37 15 38 10 8 39 48 3 13 45 39 4 42 0 7 20 17 4 43 45 28 30 15 37 27 24 25 26 40 5 8 37 28 50 16 9 16 2 31 23 37 43 10 46 32 38 49 21 19
26 19 6 36 26 31 1 2 38 29 34 48 41 26 46 0 29 32 3 32 39 37 15 2 31 31 9 1 17 26 3 31 20 23 43 8 48 4 20 18 30 11 14 36 15 24 40 12 36 46
39 5 24 35 48 1 39 12 21 8 28 23 19 24 12 16 0 12 23 13 42 19 16 22 21 11 45 10 16 32 21 7 3 48 33 47 42 46 50 19 42 18 25 10 25 50 15 23 30 35
1 26 25 28 7 26 16 5 13 5 19 27 12 38 35 28 37 0 5 34 41 43 26 29 34 18 16 20 2 42 19 46 42 8 26 35 1 26 47 42 50 25 35 15 34 41 35 25 24 17
42 23 34 47 39 46 3 30 37 28 37 25 40 11 35 6 10 35 0 39 21 32 11 6 46 38 24 3 14 39 46 1 10 25 24 29 50 22 17 17 23 10 32 20 15 42 31 3 1 5
14 37 29 5 44 50 30 16 9 28 4 2 33 4 35 19 17 3 6 0 2 34 46 39 29 2 16 28 47 1 9 35 20 2 35 22 35 19 33 32 8 32 16 31 17 3 47 30 13 40
32 50 11 31 21 11 9 6 17 46 26 4 2 36 6 1 3 14 4 27 0 38 7 2 3 9 37 50 16 34 42 26 7 14 38 30 33 46 8 30 46 17 15 16 49 44 38 39 48 3
49 21 43 39 43 14 2 11 23 29 25 23 48 27 13 36 7 35 50 2 47 0 21 6 43 26 41 29 23 29 10 32 12 13 40 6 30 21 44 19 23 31 11 8 10 34 1 32 25 25
19 15 50 45 26 21 18 47 2 15 24 37 1 39 1 49 4 11 33 36 42 33 0 36 27 32 21 21 45 33 18 29 8 46 7 10 16 10 45 23 36 27 22 28 40 16 20 48 19 49
2 31 30 23 48 26 4 47 6 13 2 40 27 48 43 44 1 47 32 1 43 37 2 0 42 14 33 11 22 23 9 16 5 40 40 20 29 36 9 2 12 19 28 47 3 37 37 32 21 37
36 16 13 38 9 41 46 28 48 48 29 41 3 8 32 18 36 27 36 13 50 27 22 27 0 21 39 11 21 26 19 33 12 21 3 3 35 31 37 19 31 7 15 19 50 17 5 16 1 49
17 19 35 39 25 19 28 29 35 14 42 29 10 2 42 24 30 37 47 31 25 16 15 2 41 0 41 27 47 32 37 2 38 1 47 38 46 1 23 17 20 24 9 38 3 17 10 45 22 46
11 38 49 19 1 1 1 29 50 41 1 49 11 3 41 10 5 21 24 9 32 43 31 43 18 28 0 33 39 35 13 46 1 20 21 19 5 28 41 18 4 19 10 41 16 10 3 11 5 37
46 22 13 28 20 32 4 30 16 3 31 47 34 42 6 29 46 25 6 9 39 25 46 17 22 38 45 0 29 47 14 38 4 19 48 40 19 47 45 35 31 13 19 42 27 11 40 22 4 13
23 44 4 9 21 36 17 48 15 27 48 4 43 28 33 48 6 40 43 16 14 49 12 1 3 24 17 18 0 7 15 39 37 42 47 35 49 35 13 38 32 2 2 4 21 43 6 27 21 5
4 20 18 41 29 13 15 36 19 12 32 50 42 43 43 32 38 48 8 38 23 2 4 25 48 33 10 48 4 0 48 15 21 20 16 19 46 16 30 28 37 25 24 28 42 14 12 47 9 5
2 28 42 37 10 18 15 40 32 32 21 19 32 30 13 48 40 15 50 45 28 5 24 32 38 47 1 25 38 42 0 44 50 17 6 7 18 30 36 47 22 47 2 24 47 18 46 8 38 5
35 14 18 9 39 12 32 44 7 21 10 28 2 42 20 36 1 32 46 11 22 5 20 25 37 35 5 17 11 17 50 0 47 23 41 17 21 22 19 27 7 1 11 34 8 34 21 31 5 6
3 46 3 4 11 47 43 44 25 38 22 5 37 29 27 33 29 23 48 49 23 16 20 3 16 31 25 28 21 49 11 6 0 41 23 1 11 43 19 47 31 15 25 42 19 35 37 3 46 50
9 30 4 47 5 33 21 35 14 29 19 36 26 40 13 29 9 13 31 18 46 28 21 16 47 50 27 6 29 36 37 19 46 0 10 29 43 24 28 45 26 46 41 18 45 22 45 38 9 47
30 26 15 35 1 22 4 28 9 21 23 33 24 32 36 41 2 16 50 4 9 42 7 3 7 15 45 18 37 22 10 12 28 39 0 48 36 16 20 7 25 35 27 13 49 6 15 34 20 14
49 14 1 48 10 38 48 36 10 12 7 22 22 28 47 22 43 43 35 33 31 37 35 50 45 10 14 44 50 34 48 25 11 5 3 0 37 50 10 38 33 18 22 5 27 5 10 48 11 38
12 30 24 41 30 16 5 18 45 14 36 44 10 14 6 40 20 13 4 34 46 5 5 20 6 18 13 33 18 14 12 45 32 32 43 45 0 46 16 32 32 27 13 4 30 27 26 16 40 28
29 27 18 41 44 21 32 47 24 28 25 11 42 32 32 20 27 11 3 10 18 50 17 25 7 4 28 7 29 27 13 1 41 18 47 28 12 0 32 49 39 25 10 38 4 38 50 6 8 17
25 48 10 42 25 11 21 13 24 16 40 2 38 33 19 32 2 29 5 10 5 38 12 10 3 47 43 19 13 33 17 33 49 21 9 18 28 20 0 9 29 42 47 31 47 2 37 39 42 14
17 36 23 25 5 28 38 41 39 11 42 12 2 47 5 48 40 38 4 31 22 11 29 34 31 23 25 50 23 33 25 8 43 7 5 43 11 44 30 0 7 33 42 19 6 46 30 32 26 8
21 35 17 35 27 22 28 29 9 39 34 43 12 4 3 45 7 22 47 24 3 28 24 45 24 47 35 3 33 38 6 5 29 22 23 18 22 10 15 12 0 25 1 10 25 4 27 11 41 19
35 36 9 29 26 12 20 8 39 28 9 18 33 2 13 46 22 48 47 48 49 23 36 37 48 29 25 49 42 7 48 32 31 20 7 6 50 46 45 3 25 0 47 7 22 13 47 35 44 5
47 14 26 12 5 46 5 5 46 17 2 27 25 14 4 19 10 7 12 21 41 40 34 26 45 40 47 14 41 40 7 44 29 6 40 1 41 21 23 26 6 8 0 3 27 28 26 25 6 38
35 36 26 1 39 19 33 30 28 15 9 38 44 47 22 49 7 36 20 18 22 21 50 28 44 9 4 30 35 47 36 17 24 49 46 15 31 36 39 3 14 23 44 0 30 33 48 42 6 30
23 46 24 20 18 32 42 39 39 46 41 14 28 23 42 24 11 9 47 50 41 16 24 33 46 40 15 11 37 44 39 15 31 43 10 8 34 23 22 41 23 24 37 23 0 4 28 28 33 25
7 5 27 16 22 29 39 34 7 35 1 31 48 10 14 37 3 21 41 24 49 13 26 33 22 30 29 8 50 9 3 43 26 13 33 47 39 15 19 33 1 30 6 16 44 0 47 3 31 12
49 13 5 20 40 41 1 22 12 44 24 4 19 50 43 39 4 43 15 40 19 1 14 31 12 34 50 18 39 9 41 37 37 35 9 4 18 48 28 41 27 48 33 1 7 15 0 26 20 26
41 2 29 18 20 49 1 17 29 5 47 14 14 31 5 38 44 27 16 11 31 31 31 33 37 8 31 40 22 50 15 14 40 41 28 41 12 1 9 21 11 15 14 34 1 37 43 0 2 12
35 20 46 22 16 42 4 29 39 39 45 9 40 33 12 34 21 32 27 7 40 37 26 45 32 25 21 12 15 15 5 48 7 24 49 47 11 41 41 3 7 12 23 6 15 4 38 39 0 14
48 43 28 34 48 20 28 33 37 46 27 1 12 38 30 5 1 10 39 10 30 42 9 38 2 20 9 50 50 31 5 30 15 41 21 16 50 7 48 23 12 5 33 15 49 24 38 13 30 0